<?xml version="1.0"?>
<opencv_storage>
<calibration_time>"07/15/24 15:55:51"</calibration_time>
<nr_of_frames>23</nr_of_frames>
<image_width>2560</image_width>
<image_height>1440</image_height>
<board_width>8</board_width>
<board_height>6</board_height>
<square_size>50.</square_size>
<marker_size>25.</marker_size>
<fix_aspect_ratio>1.</fix_aspect_ratio>
<!-- flags: +fix_aspectRatio +fix_principal_point +zero_tangent_dist +fix_k4 +fix_k5 -->
<flags>6158</flags>
<fisheye_model>0</fisheye_model>
<camera_matrix type_id="opencv-matrix">
  <rows>3</rows>
  <cols>3</cols>
  <dt>d</dt>
  <data>
    1553.4553594741176 0. 1279.5 0. 1553.4553594741176 719.5 0. 0. 1.</data></camera_matrix>
<distortion_coefficients type_id="opencv-matrix">
  <rows>5</rows>
  <cols>1</cols>
  <dt>d</dt>
  <data>
    -0.3980738286319116 0.14800661796535755 0. 0. -0.070172764796194109</data></distortion_coefficients>
<avg_reprojection_error>1.8655800737375818</avg_reprojection_error>
<per_view_reprojection_errors type_id="opencv-matrix">
  <rows>23</rows>
  <cols>1</cols>
  <dt>f</dt>
  <data>
    2.11926985 1.70299673 2.07142377 2.09612465 1.81717753 1.87734675
    1.87660313 2.3014605 1.66062701 1.74303019 2.38120055 2.09678912
    1.89537013 2.18683457 1.59666765 1.73548925 1.58996201 1.40750647
    1.36621892 1.44287574 1.59003377 1.46042621 2.32615829</data></per_view_reprojection_errors>
<!-- a set of 6-tuples (rotation vector + translation vector) for each view -->
<extrinsic_parameters type_id="opencv-matrix">
  <rows>23</rows>
  <cols>6</cols>
  <dt>d</dt>
  <data>
    -0.66196074833608165 -0.24960901298741323 -0.42142432053886836
    -170.82760794715284 -101.42617112666512 494.53645743978126
    -0.48364063455514594 0.030412531726869758 0.021453212107930383
    -132.86566291837985 -130.42444585741106 607.54698179118964
    -0.61791739932211931 0.18769187801508491 0.1473202019428394
    -99.454777447808283 -138.28208963789743 621.54039120232744
    -0.32604157742406786 -0.53223225584052902 0.097135165455153216
    -76.492653935941291 -150.13637769684681 447.25509821108545
    -0.36805677559857719 0.42232299884279872 0.070571232331096814
    -150.29591083623151 -126.05042445045112 636.67709097270279
    -0.05349707849275926 0.070242524655467861 -0.001265115833793498
    -120.58279575987569 -134.15186261806645 574.66438301094001
    0.1188623182498816 -0.23211486380670623 0.0036894599637352305
    -93.367252664088113 -114.51655637713891 457.02665939881092
    0.015978227904048341 0.36866836193850361 0.06686142606666326
    -172.74684708988721 -138.84523841135189 532.58095122364205
    0.032319930437512578 0.022693946809571694 0.0015571652669311643
    -143.73970098999385 -138.77919345968343 584.23448710931575
    -0.34644772034177507 -0.25606689647797004 0.077092053635465216
    -107.75269315076926 -134.76162088338705 565.09882572472941
    -0.8441929361794881 0.21023403514132027 0.12372411461025438
    -169.49719228209685 -99.349612780436743 628.41977301790871
    -0.69223740879116413 0.1884186911670612 0.297751520134656
    -172.63082502645321 -177.81881543093832 651.22862405325554
    -0.51259951482441457 0.31033811874118777 0.20968756482206344
    -228.44332717059024 -169.5514837794768 620.56745731125466
    -0.72075788066077917 0.24842218414201747 0.12288259835490525
    -206.49791163557367 -135.1129281202991 605.68499407125103
    -0.47994846139846897 0.33542543330896535 0.036437503420754913
    -211.48527221708468 -120.07033267269756 675.34584666024887
    -0.44517340062385774 0.38081485443022911 0.11011042380022307
    -98.911221787110932 -110.7316618072998 717.86382928167484
    -0.20705840037202625 -0.25203347133337278 0.061237448484408971
    -107.68657013343375 -127.26145594372868 550.45702191586872
    -0.095610686362261624 0.32011153980299395 0.3996338932646592
    -194.87066160827408 -204.9808882692208 638.79589206771948
    -0.11753880938968263 0.14597360023369627 0.29330814283257278
    -229.65387862566902 -169.91277909911838 638.56462784530436
    -0.059679236672822072 -0.20924519843599776 -0.24944618414775038
    -206.65498908412212 -59.88000165826309 541.95248913770172
    -0.16101927918324957 0.41309788352276838 0.60313112616549247
    -73.574210716902058 -227.64788322601729 662.15005544294843
    -0.24706799689738418 0.49979295039589344 0.18804501760110556
    -149.57552462933469 -164.46538428250565 717.05527454513515
    -0.44729030733507941 0.0818303517445505 0.026894686277928074
    -147.64784514404809 -158.08343903469259 537.26197236619873</data></extrinsic_parameters>
